1
147
17
15
15
15
1
43
63
43
95
77
115
83
27
3
97
119
139
175
179
44
21
75
111
145
77
185
140
198
96
3
107
77
1
95
129
1
5
77
15
15
1
17
73
105
1
92
5
1
5
5
3
1
1
1
73
19
105
1
15
77
1
1
1
17
147
95
163
131
21
198
175
203
25
129
129
129
159
15
73
15
105
4
15
49
13
25
197
165
23
95
81
81
13
13
17
77
132
4
82
76
129
49
15
21
95
155
97
4
139
91
13
123
1
209
75
43
21
101
25
15
18
105
3
1
15
19
105
85
1
140
1
22
82
21
149
19
43
1
15
73
5
83
1
129
101
106
151
74
89
1
17
73
17
1
3
74
144
18
131
81
75
70
125
139
95
1
15
17
147
13
33
73
13
49
131
44
1
1
19
17
81
1
1
1
91
73
1
73
116
101
187
1
13
180
129
18
131
17
106
77
75
106
116
115
1
21
75
1
85
55
115
1
132
113
1
75
17
57
37
123
3
85
25
99
79
162
5
83
165
77
204
133
204
174
37
221
3
5
73
77
77
75
5
1
163
83
95
39
49
75
159
105
85
79
129
83
189
19
17
204
14
130
130
74
15
199
75
113
19
31
115
3
1
97
1
105
75
198
95
130
133
17
73
1
1
95
15
3
159
1
1
115
174
143
3
15
31
3
21
3
207
115
73
109
73
13
137
92
13
83
3
139
121
5
85
85
92
106
14
98
74
204
21
25
131
222
1
81
73
33
83
64
23
135
3
230
116
74
15
1
95
23
85
198
92
92
14
143
85
32
204
221
37
7
106
145
5
148
101
106
15
13
1
133
204
13
209
162
85
204
1
37
153
127
109
5
105
3
81
203
101
3
186
17
84
5
1
123
15
1
91
1
77
186
15
113
21
75
87
56
140
174
131
27
21
5
75
1
130
229
5
75
13
1
73
145
113
5
1
5
183
15
85
75
5
83
77
1
130
1
21
222
74
77
74
183
73
13
5
15
204
95
1
1
21
1
185
89
13
143
159
159
125
1
85
44
73
13
1
21
81
106
3
125
101
97
173
211
25
5
5
203
204
13
105
1
121
1
19
1
1
1
3
19
1
74
14
100
116
24
179
101
109
147
209
186
97
25
1
174
175
73
73
13
23
5
85
70
74
78
189
229
125
1
101
37
3
22
91
15
83
55
13
77
75
5
87
27
13
92
97
95
95
77
75
101
49
85
1
21
75
140
92
198
209
17
130
116
81
92
129
74
224
119
13
15
21
1
81
1
1
109
133
3
203
91
109
129
3
99
95
109
167
200
73
44
22
113
13
77
13
133
23
75
35
17
161
19
1
81
143
15
15
44
3
85
140
175
99
13
73
101
200
127
37
1
3
89
75
13
27
116
14
198
179
13
120
13
221
17
131
92
106
21
1
21
1
1
123
92
175
57
143
198
1
73
75
139
13
81
13
83
1
27
133
95
27
115
3
133
75
183
92
43
175
123
143
140
77
14
17
87
115
74
37
129
77
64
159
184
3
97
3
140
81
106
91
17
77
82
156
3
111
116
74
19
180
129
140
3
97
199
1
27
1
10
75
3
5
119
82
74
198
21
96
122
3
98
37
83
101
1
1
1
1
129
19
129
95
106
95
129
130
109
204
121
1
1
75
92
113
13
1
110
13
13
73
159
73
73
1
83
73
101
1
174
185
87
15
125
27
183
169
1
75
81
123
131
143
14
97
89
131
3
21
21
83
97
1
121
185
75
109
95
27
91
5
95
1
183
1
5
98
73
1
13
101
1
123
13
1
1
13
75
1
3
159
21
