8.794908
9.998112
9.398653
10.568404
15.084353
13.500519
8.358985
6.656145
1.569843
3.701872
6.838620
17.382095
9.095936
14.209233
8.494227
6.524063
12.236672
6.848617
9.346459
7.223601
14.504113
12.273769
8.004194
12.528458
10.713233
7.587293
8.806270
7.464349
15.257346
7.061354
7.362791
16.536595
13.471148
10.395223
7.050699
4.285074
6.030219
7.319072
7.106689
5.192831
4.924798
6.864529
9.064702
8.045687
9.893028
3.105897
4.628525
6.429070
15.943492
6.281899
8.229060
7.028133
6.763493
6.376906
10.607805
35.091706
7.574609
6.220765
13.966233
8.855897
9.307278
5.398505
15.733438
11.297051
6.018304
7.014210
11.275549
23.313656
9.483242
12.548290
22.619757
14.405857
6.661879
3.973886
12.500328
15.690932
8.932696
24.964576
2.485510
21.042802
11.610827
23.686394
6.186659
7.102425
13.854942
7.847725
22.193679
6.434458
4.307811
5.925747
8.919862
7.321811
27.212157
3.684809
12.382100
8.211513
6.479209
11.182172
6.617203
4.264851
16.721658
6.718183
7.654144
4.522300
4.450303
29.513577
4.163653
3.377836
8.647651
6.578230
4.272143
9.326867
8.220301
9.610748
6.458274
1.414470
21.324780
6.599823
18.195601
9.239476
8.859152
7.428791
17.512112
6.350208
10.556223
10.840560
15.978660
7.844604
3.492202
6.968835
9.646235
5.655887
15.400998
13.743337
2.754360
7.235380
10.405316
7.685166
6.774054
5.887713
8.572100
6.653356
6.304559
4.511436
27.364375
6.579565
12.445729
3.847351
8.605052
9.220662
6.217734
6.589125
6.312895
10.036774
7.450615
7.937486
9.592239
11.374973
4.619131
6.875098
3.737069
8.785202
6.048212
3.741634
3.685283
8.309092
6.052978
7.462567
20.454662
9.192844
14.203054
9.067285
7.113814
8.419191
12.940603
7.198304
7.531288
10.628115
17.194197
23.520087
13.201724
11.767151
11.410200
18.851646
9.072065
6.609984
10.612270
7.121108
16.305601
32.166392
9.494745
5.826491
14.601304
9.215424
4.547115
6.400810
7.475707
13.098315
8.886203
16.496261
6.225166
4.284386
5.493619
10.703046
10.413765
12.121165
9.482793
16.572007
10.949581
7.895964
4.680424
10.838638
10.918343
20.720417
7.241194
7.018628
57.416948
4.792943
11.469810
7.926378
10.193861
5.123738
9.094570
7.875860
14.155577
4.199165
5.735845
1.565166
21.573048
8.760858
12.482159
5.350363
7.267324
9.894745
11.870928
5.303008
8.173393
4.314122
29.715481
7.710794
6.532502
11.671076
11.014191
7.150512
12.338874
8.265428
4.133215
11.951047
11.503526
8.325581
9.301164
12.901820
16.027034
4.894551
13.959234
1.705482
8.914339
9.287038
7.658840
4.534175
12.638542
7.809516
17.679208
10.975858
5.938784
10.336691
12.518023
4.985594
5.588564
17.582873
9.790745
7.044138
2.404430
7.671443
16.935220
9.156048
6.075072
9.943205
9.802168
8.771336
5.941526
8.255832
5.650513
12.949815
15.260189
40.407419
11.031572
10.830714
6.009699
6.657597
9.354503
12.256935
10.076798
8.668701
3.471243
6.168315
9.011744
9.715566
8.255708
14.178091
20.360487
10.682551
4.548728
17.055769
13.171410
11.128708
1.638594
12.541602
12.400821
12.249252
31.835039
6.212664
7.942668
10.112268
8.474863
30.715643
6.469733
3.924727
8.726635
7.065347
9.173515
9.201237
6.389680
6.708712
13.354392
6.355197
5.834626
4.993876
10.251315
14.427796
1.000632
17.257292
7.826579
2.310909
7.230728
6.934294
6.596237
17.706364
14.829628
13.038918
18.200124
12.086558
2.671998
17.508359
6.076724
11.286185
7.991997
7.905266
25.527120
2.843887
4.409975
6.497142
15.490133
2.155120
9.851477
6.445771
8.872861
8.778690
8.579860
3.291032
6.676160
18.726503
6.778905
7.735783
6.049482
6.697475
2.824773
8.310432
5.668200
6.646999
11.900498
4.914478
5.859425
5.896796
1.744498
12.544241
5.129957
8.079250
12.028649
12.077831
6.765063
3.188616
8.794785
6.953675
5.421746
12.182102
6.939040
6.534891
56.156539
9.383505
6.008874
5.228307
5.964424
6.635329
8.964998
4.003178
8.613102
24.305046
21.412710
19.983511
8.217043
11.615456
4.533206
8.465282
8.192751
14.840755
8.130394
8.083555
9.484085
1.587870
8.571437
11.751627
13.886053
10.518108
18.719015
7.461729
5.699996
5.798850
10.309680
7.562918
8.688502
11.038917
7.154012
12.282337
6.522898
12.472503
24.555545
15.157294
10.032003
7.507841
5.779927
9.632636
14.029443
6.474138
9.181325
12.270751
9.377296
9.739544
11.087638
9.037812
19.402327
24.931938
9.619128
6.207770
26.468978
31.330267
8.984146
9.304916
28.866378
10.081939
3.965553
10.639764
24.748972
7.330395
10.837495
10.962581
7.989055
8.029388
4.468269
28.239649
5.313241
3.823806
12.804910
5.725139
8.343271
6.646166
12.521756
4.161390
8.636722
9.862861
10.020273
32.068575
7.166153
1.634344
8.335782
5.752868
3.804629
16.524424
5.240477
23.692310
42.553121
9.328625
17.143589
25.510162
8.883290
15.701899
6.538558
3.602709
9.332061
2.491187
20.695522
7.225791
4.445741
4.409513
6.590156
7.268579
3.832141
21.865108
2.483124
7.508438
6.021744
4.286451
3.731771
13.562242
16.817096
7.440955
15.832480
5.839923
8.550443
12.327894
18.820926
8.114390
6.591232
3.467285
8.362288
9.386796
12.295878
8.875886
8.821801
8.680311
5.734298
6.572876
6.074562
8.968196
7.408206
8.091700
15.446046
13.985010
8.167539
9.851474
6.027757
16.008976
13.552450
15.777201
6.860555
6.607830
16.340501
6.467994
10.462593
23.076098
7.405115
13.653728
4.672339
8.978759
4.274181
6.673171
7.325807
14.763121
11.072733
8.960128
2.494188
11.784716
10.932855
12.936615
6.809819
5.067433
12.238457
7.454734
7.178357
10.044744
14.461385
10.628209
17.652549
8.455779
5.370840
7.702043
9.176305
7.779202
7.539603
14.996330
6.873055
8.462293
7.474728
1.798347
14.811308
7.171469
14.594283
11.813142
15.489200
11.751445
9.614757
30.221930
28.755547
3.710806
12.897323
11.944752
7.718428
13.424487
4.252900
6.982012
7.815551
17.154993
19.646317
17.788343
9.031407
15.348206
8.716482
7.255804
9.871104
5.014024
7.701070
8.212289
19.504898
12.787312
9.396484
6.962227
7.264662
4.039863
6.835462
7.611442
25.571896
17.855488
2.595169
1.122426
7.496772
8.353664
8.826998
13.036385
12.335251
15.104341
8.393274
17.689850
13.424568
12.334832
6.576553
17.401872
9.481074
9.328935
10.294080
13.278042
2.402465
4.263450
3.296455
6.721391
12.566700
20.057507
9.366363
10.775913
4.548700
12.504889
14.504225
10.498447
13.130611
12.680515
10.475199
4.080935
5.560592
25.109320
11.608890
2.043149
6.299439
7.450123
8.375921
5.729740
10.102515
9.200790
6.426094
3.524033
4.045925
8.932942
8.699073
8.861262
6.291464
7.386124
2.029929
7.121629
6.012002
16.803095
9.274335
2.152515
3.387468
7.554165
3.860337
2.766711
7.652508
17.390316
2.253032
7.961181
4.585353
6.540154
12.403998
8.456919
5.864732
7.976539
2.557888
6.235446
8.204781
8.893363
3.566451
6.989431
9.709462
9.424646
4.538659
16.408461
2.940652
9.286030
6.557314
3.359380
9.386001
5.996211
5.112856
11.076309
6.485185
10.664414
6.333054
19.421651
3.921332
5.718356
22.043702
9.714121
6.937193
4.514730
10.869454
17.276816
5.993741
7.550698
6.842876
5.807179
34.512858
10.366330
6.642680
2.006755
6.261211
10.216536
8.116257
7.472858
7.644170
7.178539
10.745554
12.477235
16.160364
7.021698
6.549200
7.345021
10.113511
9.801066
10.143311
23.510847
9.294273
8.599683
8.788715
8.868461
6.116025
6.537041
9.279174
5.950452
5.859815
9.862242
4.408457
8.239679
10.072915
7.926119
6.044042
15.347347
8.362480
7.427515
45.805556
4.704523
7.415471
8.144098
20.554694
9.662497
2.895037
9.454951
7.774683
10.477562
3.396327
20.267724
13.065621
14.708261
8.246470
8.208461
3.607121
7.352007
5.892429
6.289753
7.290178
5.468280
12.856253
15.729058
9.763924
5.184838
15.418224
6.132253
4.279554
11.512024
9.458938
8.063690
17.668371
6.003220
7.395711
16.223568
11.717824
32.471377
10.031885
7.132376
46.121424
7.324024
8.975486
6.152417
