4.879310
10.590790
12.078822
11.830696
11.792687
23.942371
7.959240
8.321907
9.163252
10.309380
8.151617
9.000326
5.942032
8.014432
13.820363
12.568671
5.351721
7.611637
8.627153
1.767282
4.044629
10.084154
13.234215
8.446097
12.012333
5.997298
8.325240
11.827818
7.081086
6.334440
10.583424
17.380642
14.838745
14.715012
6.600884
17.714222
11.064133
9.806343
12.839291
5.518405
8.026328
18.963151
7.248370
12.974867
5.091887
7.256128
6.624547
6.651772
8.829772
7.772316
7.376064
14.334838
31.610790
6.587060
10.768394
8.538338
10.286800
5.768196
5.073429
5.319786
6.159929
12.110302
3.909156
8.034443
10.876357
11.035272
7.363823
11.436427
5.100452
33.050626
7.136640
6.635590
9.274238
11.259129
7.256069
5.472401
5.850763
16.073718
6.231690
6.822827
34.910776
7.173873
5.761706
3.017332
6.840015
14.157922
6.190546
5.882945
8.965310
8.939472
6.799438
6.834909
18.504067
49.693070
4.205725
15.312485
12.424189
5.728710
17.486455
6.923806
18.062354
6.921436
7.058593
7.391156
1.701129
0.000000
6.913570
8.724536
2.212555
8.246775
11.597433
9.826182
8.104589
9.428829
7.521038
7.724740
3.112588
13.244608
8.201996
20.179775
8.333516
6.247822
10.196789
1.592343
13.352351
9.488329
7.370668
9.831807
13.311234
3.735065
13.488470
5.267567
8.152696
15.139145
21.985738
16.232441
4.269913
9.409407
12.665220
7.270667
9.384462
9.448742
5.484372
16.909033
3.760763
10.531780
8.724942
6.164356
6.742471
8.256394
12.149586
7.821885
11.264880
5.115129
17.196024
14.912644
4.494326
19.090081
11.195863
33.498564
16.519416
33.708973
7.522708
8.325863
9.248866
5.539141
13.335067
11.391507
13.416293
7.030333
23.565990
18.267203
6.941630
56.427980
30.065590
15.099983
6.411926
4.839736
7.557944
10.349825
17.892019
5.347066
12.435328
10.615282
8.064359
11.264468
8.071589
6.192250
8.507792
5.685676
5.349904
17.236169
7.563475
12.771845
9.117394
23.092670
12.293670
12.584763
5.178820
6.532694
13.710213
7.158545
14.812819
11.312974
15.875798
18.969531
16.259364
8.099939
14.127202
11.136189
5.600096
18.331461
21.926680
15.232155
13.717504
10.409545
12.854409
5.877779
4.316774
11.856882
7.885502
6.852816
9.413051
6.218415
7.532404
5.488965
16.155751
4.895055
6.588563
20.873897
5.230866
8.476021
8.905956
4.776087
8.154823
20.266581
7.198471
17.757867
7.617351
7.694363
1.696847
8.438726
8.928657
10.396222
9.578071
7.866694
8.644249
11.483573
7.343889
6.300626
3.193861
2.891159
12.222546
2.862198
5.579083
5.891891
9.106772
14.722299
8.075603
7.627447
3.871627
18.377582
14.170500
7.070212
9.312376
20.866408
6.273007
8.442792
6.049200
13.721100
7.631246
6.312807
5.990160
1.038224
13.418295
9.533392
10.208120
4.450022
20.859417
10.088683
10.889665
5.418937
4.812589
10.804577
9.597707
8.444233
17.939271
1.775162
30.925250
8.343100
5.691341
4.422501
5.261441
8.288213
8.155829
4.207063
9.202733
16.832846
3.425268
12.485204
10.788980
23.617714
7.867744
9.755282
12.221078
7.521943
12.702676
3.020786
11.322858
25.363766
9.146813
16.556780
4.087293
29.278688
4.839351
8.856553
7.389426
2.758824
7.940155
12.050873
6.487412
21.829918
9.749358
9.041879
6.386912
7.108642
7.113884
9.336454
13.879355
6.670284
5.793901
15.493867
8.256639
4.349328
2.837108
9.574965
5.690955
3.262384
4.065938
8.805570
3.534186
12.699207
16.083623
11.200012
14.917391
8.973312
5.911551
9.057444
8.489309
14.380440
6.229884
15.474749
17.102063
8.907945
15.836310
6.777369
8.362186
10.893793
8.402373
9.553483
7.181993
5.042885
9.573258
7.332084
7.549585
11.990900
9.315851
11.892449
8.347661
6.099246
6.750318
9.235059
7.174946
7.605902
6.602416
5.386081
5.901872
8.629901
3.412594
6.301021
28.017963
8.730086
8.537905
6.126098
6.042432
2.756312
8.675562
8.998371
1.947274
5.982290
13.473527
4.728620
6.229573
16.047990
11.321267
10.323517
7.795056
6.390213
14.172370
13.178791
29.967128
12.847544
11.349635
7.303917
6.875855
8.397479
5.738940
3.106355
10.629249
7.820637
5.906462
6.758957
13.546756
4.851161
10.001259
7.991831
8.827461
22.809072
11.393019
7.064791
11.825765
3.977937
24.137743
8.130825
11.592570
5.320422
6.997835
3.142255
7.873467
17.340115
8.918899
5.528797
6.772902
7.223113
5.349691
4.581005
9.945594
7.462661
4.798622
10.019642
13.763815
9.789748
13.412261
6.312738
5.945562
4.640692
7.873863
6.079299
5.797196
10.655941
2.396040
7.336838
10.549819
10.429270
5.841020
4.523041
15.017229
16.593848
46.721760
32.051084
13.501192
0.000000
9.633486
3.974921
8.716212
27.976015
14.359687
14.210351
1.582293
8.802243
3.836721
6.010521
7.919484
6.755034
6.911799
10.833342
12.200476
8.517725
9.058045
11.037054
10.108202
10.820325
5.932669
7.355981
8.395827
3.015546
7.254368
6.655987
11.426372
6.871948
12.050820
9.014419
11.286444
21.885375
9.679460
8.763284
9.622122
5.522299
8.717822
8.550348
9.495770
7.775686
4.992884
8.177156
7.264254
13.495936
17.383456
10.572727
7.760467
9.891535
7.418143
6.657603
6.131386
4.937279
1.626172
18.967554
6.142647
7.613225
5.349668
11.502608
11.242011
4.601535
7.935985
10.633670
9.855144
6.527393
9.201345
24.015901
8.490011
12.788190
4.560958
4.251883
6.505144
12.350302
10.673122
55.189870
25.799124
7.193687
8.628429
15.008431
4.070365
4.370766
13.872460
11.057162
7.768297
17.964059
7.264558
1.758916
9.212008
8.119762
22.499166
12.961314
5.249592
6.527941
6.249468
5.934374
6.951138
6.345151
6.193303
5.982599
3.993786
12.695752
10.162977
5.703536
6.129452
5.928075
3.518148
6.873668
11.931846
7.250098
7.332535
7.639113
38.864208
13.369220
8.394186
18.034687
9.653480
9.994816
6.015419
6.726579
12.360606
13.517577
5.031513
45.773090
13.165103
6.545448
9.177328
6.676070
6.383308
5.144033
8.263641
1.674104
10.216334
8.090649
8.390149
6.284965
10.534412
8.602625
8.219571
3.181247
5.300526
7.885194
12.209867
6.777523
8.134305
6.931961
5.686577
13.254535
6.369270
5.475546
9.479916
9.844528
6.224342
10.724821
16.351914
6.395514
2.801682
6.741148
10.159718
9.006171
16.117015
7.224073
18.724793
7.820384
7.112552
10.330781
4.469688
16.635491
9.990505
6.157328
4.102400
10.976166
11.027534
1.050920
9.626877
7.560392
6.535786
10.955662
11.836563
8.874222
10.149938
16.767057
5.943369
4.398127
9.143712
7.813609
14.820600
9.674315
8.871212
9.089105
17.411005
10.961891
16.167440
14.434952
7.559576
5.750337
7.239179
10.250775
12.090346
8.788164
7.942322
6.226207
8.440503
4.755247
2.186423
16.336775
10.779059
13.014274
13.525390
5.445240
8.720752
5.914130
8.584206
4.134764
6.474380
11.134137
11.771309
16.688144
6.181556
4.187752
8.394089
3.688466
11.121867
7.491811
3.555470
7.025068
7.502477
3.490651
10.502283
4.881906
15.864918
8.588326
2.382134
21.226158
8.773861
2.630064
8.517427
2.906517
16.850918
10.588040
16.009726
6.245439
10.067920
13.624323
9.397913
7.572576
7.836874
7.736399
4.374235
9.551564
8.991453
5.016024
8.991418
9.127367
16.498847
12.534350
17.317868
3.356651
9.884277
5.058466
6.408511
16.273169
5.072347
6.571826
10.894460
11.283857
9.684741
13.238462
7.777515
16.323356
3.656572
5.526742
15.889366
25.704977
4.112889
5.877879
10.313152
26.366864
6.101946
4.340042
6.435240
4.862419
5.250915
8.112243
7.061821
10.317689
7.579172
18.365395
7.301163
24.027513
20.698371
8.490826
7.874950
2.259580
11.894450
12.862001
7.409578
7.531854
10.297728
13.158167
6.595776
14.155634
6.410771
14.883454
1.604072
12.415052
5.972912
3.776726
6.729625
7.200728
5.839041
6.478181
6.039071
16.798938
14.995108
16.683931
9.472297
37.652378
8.391003
11.510789
7.950139
27.666138
10.229511
6.866358
2.450836
7.513429
7.919279
8.190767
10.608570
6.854515
10.297391
4.163799
6.544902
9.300648
14.776150
7.842084
6.493410
6.269820
4.404099
9.237554
5.909432
5.698345
9.162700
29.833968
17.344905
8.816365
8.355235
4.619546
8.498974
1.728515
15.644546
11.368749
7.981267
13.589857
7.020831
6.891517
11.508056
5.091098
11.109869
16.030658
4.259205
12.322581
6.362158
21.939392
6.811150
10.409510
4.319116
8.389564
6.194743
5.954391
17.624102
11.360933
24.833849
13.645661
8.233849
9.563754
12.029043
16.987079
1.111574
3.478507
11.681702
7.557696
7.606123
4.598014
8.904712
3.255395
12.938869
13.017373
9.281228
5.619121
9.079859
6.565146
18.971104
11.007529
17.548479
14.239259
19.403265
6.983055
14.249525
7.142379
4.657971
6.932603
5.156224
10.744662
2.699417
11.630852
15.353237
13.215544
2.291389
6.054648
3.784093
4.139919
6.642410
5.292407
14.932399
6.850748
1.458140
8.680859
4.726677
10.557327
24.840892
15.949678
10.403071
6.074339
10.186280
6.601989
9.174142
20.802530
10.096149
10.912678
12.149472
7.301803
7.446717
3.820092
17.595741
4.233802
11.739986
8.505346
6.510423
17.543519
4.618657
8.712281
7.798985
6.477887
5.280630
3.557873
15.196440
9.485614
16.543650
15.498025
4.776597
7.932289
27.573990
13.741749
4.918845
11.161197
6.611550
9.004634
11.058967
46.891455
8.454802
18.600357
8.538512
6.820602
12.563294
11.078605
13.573357
4.839173
9.007901
1.578728
10.093359
3.465664
8.934587
7.004129
9.569393
9.773647
12.821733
27.541321
7.035246
9.659413
9.713414
6.281834
16.837584
4.681846
8.240561
9.809862
6.541802
6.696152
22.996275
5.219324
13.398747
12.018248
11.802498
8.665245
7.331895
5.294384
3.775797
6.786265
3.200376
7.887867
4.204553
41.473203
6.805323
17.294465
8.705764
10.278161
11.526271
5.905156
7.112973
33.040785
6.911685
5.959293
7.828646
7.550403
20.031082
6.673210
10.752888
6.760860
7.916791
6.714341
14.472664
12.321153
11.325266
14.722708
13.013433
5.959140
10.348891
8.126196
8.737161
7.503646
6.503863
24.930102
29.269678
10.022325
8.647054
5.571613
10.083996
4.762278
19.676735
12.221172
14.722309
6.632455
12.613211
17.051457
28.026452
5.073555
5.980796
7.594595
5.153222
12.093142
12.123250
20.129450
12.222900
17.047167
5.977030
9.954281
8.107783
7.847300
7.608297
10.406125
9.858583
7.024570
12.653918
5.693097
12.567194
12.977370
14.940533
17.978568
10.647645
8.347738
7.896693
8.672905
9.217331
14.225511
8.129201
6.319069
6.046071
4.011623
7.020524
4.389954
5.293010
8.964770
11.982935
13.256016
28.475698
17.554919
8.678381
8.535157
12.006191
15.309455
14.233722
8.577926
11.585787
5.506998
13.253952
9.279214
8.651519
7.665968
5.944362
1.743389
10.475661
12.493272
12.292779
9.803018
10.265045
11.730344
16.219699
8.325560
8.668291
5.800107
8.275594
9.323073
8.684227
11.335502
5.905552
21.434068
7.100803
7.483009
7.126034
8.988719
13.789057
9.870666
9.735023
16.022236
9.558590
5.885818
4.167368
12.874901
5.674509
6.110933
10.010943
12.633812
8.000219
8.979087
8.264386
11.327545
6.833142
16.560618
8.326367
4.281456
6.806460
4.608065
22.828762
13.710783
18.723781
11.908395
15.962334
10.814090
6.327555
10.677749
7.366551
6.807848
5.563679
4.175592
10.216971
9.844337
4.834836
6.614221
9.895375
10.259015
13.689835
8.111947
7.831662
14.432862
6.673594
6.228750
4.377187
7.284712
9.508990
6.621451
8.734360
7.977888
9.452189
10.833127
14.826741
7.890001
18.511103
4.775665
5.654847
7.053475
5.936453
10.587288
9.523403
8.657969
7.784438
5.147685
38.686028
10.620682
35.010846
8.682331
9.566040
6.607669
9.875759
12.190820
16.362055
13.080890
6.441750
5.144464
6.447900
6.240551
3.129998
11.171777
12.486232
5.751919
15.025883
6.036088
4.204086
13.912471
6.835135
8.263451
7.799991
7.639308
4.820174
12.885950
8.614328
17.826134
14.294493
4.571419
15.945118
34.835056
7.033000
5.775400
6.539302
6.659213
6.714087
21.760873
7.130705
7.965817
10.790194
10.684925
6.114474
9.541396
36.762462
7.195053
13.828263
7.897225
13.209806
10.366732
16.509158
24.950327
6.215138
1.642917
19.193767
10.814111
11.099019
13.199297
11.576993
5.487711
7.546183
6.062933
8.504845
6.696777
14.042985
7.874518
3.123466
14.237040
13.828012
10.223595
11.200888
6.818204
13.754347
10.286264
9.395916
11.979406
10.283415
6.894959
12.745254
19.447128
4.332523
7.032669
5.561021
7.291749
9.661886
15.594214
3.126054
9.378060
11.321985
9.353030
6.134388
11.678474
3.625781
11.581603
7.637000
22.868567
12.400235
10.121107
9.966191
9.914281
6.255380
3.930922
9.847653
7.039449
16.133374
8.628409
14.999006
25.072059
11.471247
15.959719
17.217990
6.541362
7.401063
6.214732
23.712813
8.838961
5.808277
8.975025
18.022657
2.308036
6.579280
4.718902
6.959831
4.519900
6.270471
14.668167
15.659914
5.020815
6.125405
4.166130
11.833700
6.647073
3.411004
6.059134
11.347561
9.982500
7.205310
11.826927
7.571983
7.924689
17.089433
2.803719
1.229617
9.116569
3.848757
6.179272
3.146596
5.545062
3.114912
8.878489
4.327011
9.767680
2.602388
7.711150
7.026948
4.549230
9.600047
9.122030
11.634674
7.227042
8.283500
7.922777
16.774961
4.736436
5.653933
12.012249
10.790980
16.050797
8.024024
10.074640
9.086706
10.678086
7.796452
7.671087
3.608259
8.272174
6.446984
15.507199
8.400026
8.682758
0.000000
7.163658
7.449857
11.817235
9.215136
9.820250
15.109287
11.145792
11.280011
5.038008
3.809058
10.485225
6.910106
13.100236
8.477828
6.483897
16.039114
11.807779
13.433438
8.764942
7.466587
9.000155
10.917683
7.494317
8.982155
4.303531
5.522724
12.327486
5.399521
9.679028
9.949409
14.806927
7.218786
14.435507
23.257651
6.684111
21.923059
7.340290
6.931181
34.265672
5.678089
7.172480
7.192232
16.808185
8.760345
17.335851
14.062712
6.665152
3.932350
15.358809
26.511171
5.803926
19.802497
12.502861
7.860398
10.676781
7.084382
9.746329
6.857974
9.348387
17.651370
10.524211
3.371383
6.934021
11.991008
2.353618
7.833811
5.882228
7.648217
6.635089
16.850486
16.810659
15.504631
7.117277
13.675939
17.960649
4.468270
4.869646
15.029080
8.246736
16.465026
19.513700
7.775584
5.065280
7.713780
13.244390
8.498965
12.981316
3.300930
7.207598
10.869908
7.112016
9.606568
20.753188
2.658295
17.091932
13.257096
10.061009
4.897903
2.793125
6.216755
7.892646
2.439366
7.328166
6.723292
4.947797
12.403351
9.188357
6.227172
35.252263
2.193451
6.698805
4.984265
7.893041
6.936828
3.174609
7.175858
10.266762
6.516605
12.018300
4.167780
6.153137
12.118197
14.257550
16.272583
7.636128
3.192455
11.393423
7.244461
15.874719
7.656156
9.717518
9.836220
14.522954
18.820000
8.542115
10.733593
17.580324
8.849953
2.480780
7.327950
7.364587
4.804484
4.146091
4.608624
5.881684
14.134889
13.717829
11.290356
17.557223
5.838260
9.434787
5.913015
6.041335
8.460890
11.194780
8.523769
7.289883
7.946414
17.223589
7.665235
7.106354
2.111394
10.631460
4.235889
10.615593
13.588875
10.224352
6.514813
8.101032
7.767458
28.866301
13.674944
17.095120
17.023258
19.800634
13.773885
30.615773
4.168203
6.704337
11.254924
5.450114
10.011891
12.651002
6.819448
8.447648
17.287871
4.796121
7.608614
11.006666
7.053564
10.699298
8.367524
9.366972
9.827836
27.681619
13.903731
8.872304
8.826774
6.781626
12.547195
4.234569
6.116056
7.900218
5.487147
5.991672
7.579530
5.464904
9.735343
14.674462
8.570564
23.049412
7.164183
10.341993
12.051087
9.684849
7.353545
6.850067
10.801816
10.638873
18.724420
7.475429
36.727093
1.075942
14.707597
3.752783
4.448700
5.023351
7.830447
7.700885
5.841923
6.048909
4.828151
18.552179
18.004834
6.303155
4.519178
17.662503
8.730001
19.821269
13.503521
3.402820
0.000000
6.134312
6.627393
1.857696
22.981457
7.080861
5.873958
8.421767
6.955328
14.026446
8.172720
29.226348
11.534931
20.618716
7.867452
10.196409
11.521777
12.663088
8.765316
9.910064
12.363273
20.033426
14.755486
9.843094
31.899368
8.731560
26.642622
8.269271
8.338313
18.723453
6.538387
18.710645
13.015980
8.399458
5.798354
27.609013
3.939318
8.983363
8.470453
8.575820
7.805036
7.455076
13.106969
8.497068
6.091429
7.686095
15.767155
11.392162
11.270161
9.567180
9.504250
8.023324
11.852800
10.100663
7.866100
3.305632
7.748252
10.750941
14.581331
8.512443
11.828186
9.056807
6.581431
6.034918
4.800993
6.696891
19.871702
29.875402
6.780204
10.151020
8.469447
5.489804
9.623950
6.726068
2.390381
6.164592
12.500906
9.610932
7.148971
4.823136
23.203399
8.000347
5.290536
8.115440
8.120031
14.693206
4.102716
7.636437
5.116539
7.900095
8.654584
5.811204
10.182362
10.849736
7.457725
11.262405
14.273526
1.733722
12.206988
7.164925
14.723820
13.200314
2.716873
3.244061
7.642539
6.965466
2.359687
11.526204
7.259566
2.476249
6.366688
6.283637
6.257581
3.997811
6.747953
5.118353
3.758380
8.514215
5.733696
7.717692
8.937554
2.890221
10.189513
7.742302
7.167569
2.735421
29.747452
9.606050
15.827045
17.107700
11.653304
9.616202
10.779507
7.770663
12.434869
10.029541
9.396641
7.305689
9.778780
5.341646
16.550254
11.077982
1.550068
5.285856
28.123165
18.899029
6.410829
17.926457
14.845865
7.038785
11.251897
22.842053
23.170798
11.265091
15.975653
5.588154
10.622621
2.607953
8.105318
2.317031
4.804387
9.148123
14.629081
9.975035
9.668536
4.314253
6.135104
5.858282
7.367976
9.069060
8.699884
3.135612
7.837857
10.391540
3.941716
9.463958
10.984756
11.163559
8.283767
9.443384
3.504111
4.730290
11.182919
10.121493
6.193321
5.372086
16.992572
10.178130
7.802989
12.534514
7.042684
20.529832
11.197120
8.222523
24.138629
9.808690
17.758638
12.387465
2.461128
7.463297
14.451342
8.506042
11.055758
10.385285
13.005488
3.684306
22.501624
3.513406
6.284640
9.429688
13.253648
8.047837
8.043204
8.558952
24.143248
5.060515
8.396073
3.242935
12.268098
6.831592
11.884920
5.342861
10.433998
12.569927
7.375496
6.204396
8.255317
9.113720
6.443631
4.988674
10.107481
12.774598
5.873569
7.402209
10.983806
14.442775
7.991963
8.040775
16.580310
14.402525
33.088355
7.506593
4.792937
29.717150
17.526362
9.865869
7.321740
7.356358
11.193410
12.007215
6.058385
5.027527
6.654299
7.144669
3.802933
13.131077
15.925643
26.792794
11.658988
9.476871
10.283114
5.050629
8.716358
6.168580
6.354767
16.284427
4.265752
9.967727
8.231042
15.019487
4.734909
5.874435
8.047454
2.106853
6.230727
6.406402
6.384500
6.036262
12.423254
5.153747
14.644009
8.202914
5.141258
11.450203
11.073878
5.940601
5.731933
6.715755
8.370027
5.027615
5.595610
5.371153
6.533113
12.811030
13.854345
6.567055
9.003242
16.166007
11.209093
5.971360
8.459708
8.726946
6.026170
56.393757
9.497509
12.355054
7.786089
19.337827
7.640919
6.952381
5.985080
5.902681
12.320265
2.096706
8.092212
15.366699
6.663019
7.368070
3.477680
20.381116
8.381078
8.305374
7.181788
9.274861
3.786410
4.545541
18.285560
4.115395
4.309275
10.429752
41.181610
14.855820
5.912188
14.220177
14.315283
3.706690
10.668397
16.827186
7.326659
13.268844
14.410632
9.701577
8.402078
8.450946
16.501883
5.911601
8.042697
10.380408
6.574844
8.497542
11.265015
6.490018
5.759587
7.827960
3.810260
4.335338
4.948125
16.574954
7.302146
10.370787
16.859720
11.398967
17.317080
8.420026
15.402950
3.537462
21.375972
19.284715
5.559534
6.007807
9.650331
19.800761
10.527746
12.857182
15.911631
7.234460
11.135650
5.077738
11.600557
10.521684
7.024971
8.363539
7.358482
11.173940
7.698910
14.972161
3.268130
8.527843
18.075107
12.791732
9.562514
4.623220
9.909729
22.173719
8.619058
14.904336
7.874256
12.516764
7.487517
7.751079
11.901402
4.906553
7.427517
6.065736
17.949424
15.312469
10.255990
14.084867
8.372211
10.509693
11.717749
6.485302
10.169326
7.434764
7.795926
9.221293
8.461190
7.361770
7.626657
13.936329
12.344391
14.286921
9.219508
7.624092
3.109133
10.348060
5.188830
7.583607
9.195876
10.286967
