103
85
153
5
140
93
1
123
121
15
79
4
73
83
77
77
46
1
3
231
91
95
15
115
159
1
3
113
19
121
77
103
1
13
109
55
35
179
44
73
75
111
145
131
25
212
144
230
151
130
185
140
44
96
3
77
77
15
180
129
1
22
77
4
85
85
5
81
15
49
105
1
1
15
73
105
19
92
27
77
75
103
35
199
140
93
43
15
1
73
119
105
1
15
77
1
1
121
15
13
173
97
1
19
85
1
19
1
70
73
1
1
83
1
77
1
155
73
13
95
13
223
15
17
15
103
103
35
77
73
95
163
131
73
44
103
203
17
77
5
25
129
105
49
159
4
13
199
1
17
208
81
77
99
22
180
88
17
15
105
4
15
49
91
17
140
17
95
133
38
13
73
33
1
13
140
59
180
92
132
17
123
85
81
130
59
1
59
25
73
173
130
73
81
13
107
147
81
83
131
127
4
73
21
1
77
96
23
73
1
224
15
73
15
1
1
77
175
184
139
1
25
91
159
13
79
81
81
13
13
208
5
159
75
13
99
79
85
3
96
147
27
83
17
15
148
4
37
47
49
49
15
21
103
163
107
25
31
110
121
222
17
19
125
73
19
1
4
115
99
1
148
19
209
75
147
21
79
25
15
18
161
99
13
1
15
19
105
85
1
83
173
17
77
1
140
1
140
37
131
97
19
10
1
15
73
55
83
1
97
15
103
92
97
159
105
95
49
47
74
89
1
1
73
17
1
3
1
15
95
75
21
204
116
131
81
75
10
1
223
144
15
15
77
59
13
119
1
13
49
73
44
1
1
75
17
1
15
75
81
3
75
77
5
87
1
1
19
35
27
15
123
59
35
113
175
1
145
140
4
17
116
101
81
15
91
173
19
1
43
222
91
33
127
1
1
123
159
101
77
15
1
19
123
17
113
95
115
75
1
1
85
73
175
15
17
105
77
15
5
187
121
95
139
13
101
13
50
180
129
18
131
17
49
85
75
106
124
197
187
4
22
18
75
81
17
129
105
124
130
107
81
139
83
1
17
140
140
75
1
27
1
21
1
77
49
13
5
123
105
5
115
38
25
180
13
33
1
97
19
15
47
140
109
77
91
1
1
147
176
79
75
107
17
81
23
22
134
140
115
1
132
33
1
75
77
146
37
77
3
85
85
99
79
63
5
83
87
140
133
133
133
92
37
140
21
17
107
5
144
113
95
175
97
1
5
13
1
79
55
119
75
77
93
75
5
93
163
15
1
17
15
95
1
73
204
18
95
175
17
204
5
115
159
115
115
140
95
1
198
123
129
198
107
73
3
107
27
4
183
49
75
167
15
85
139
13
19
87
105
85
60
129
111
189
4
113
79
85
159
19
17
204
3
38
4
74
4
187
75
140
5
15
113
19
35
115
81
1
97
1
105
13
96
103
77
133
77
77
21
121
1
22
230
1
95
77
121
1
19
200
15
13
167
1
15
148
10
199
3
15
175
3
21
13
232
115
17
109
4
13
4
139
97
73
1
73
139
13
83
73
144
96
77
73
79
73
19
22
105
148
15
73
197
50
3
133
140
95
129
81
222
188
13
153
44
21
43
15
85
19
77
77
1
1
97
15
129
133
133
129
131
144
13
198
77
5
13
139
33
5
85
85
3
49
21
92
73
109
123
77
15
127
1
79
139
7
21
7
139
119
77
107
111
83
115
33
75
1
15
3
95
197
25
85
139
73
10
5
198
18
73
19
13
155
173
83
10
3
83
3
10
1
75
75
27
15
13
1
109
124
21
15
15
188
23
38
180
43
92
74
143
134
32
204
85
5
139
148
13
25
101
73
107
107
139
3
221
57
49
3
79
73
1
15
97
15
77
74
131
83
17
5
139
115
73
176
120
129
74
73
99
1
103
103
1
15
85
91
155
81
7
106
73
5
48
95
106
79
127
17
1
22
85
49
18
85
129
19
19
81
92
85
183
119
13
1
37
133
1
105
229
38
204
1
129
153
127
109
5
77
1
1
1
1
180
21
109
37
105
13
81
203
85
73
229
113
147
5
148
105
4
200
180
148
203
3
1
123
15
1
35
15
77
180
79
77
13
21
75
87
56
140
32
107
27
73
5
75
125
5
121
85
130
63
5
75
13
1
173
97
73
81
155
1
215
1
3
15
222
224
91
25
5
15
183
109
7
173
73
183
79
5
79
24
129
22
1
140
22
3
107
121
113
22
1
22
199
15
109
75
13
21
81
179
1
96
19
156
156
75
5
83
103
85
180
19
140
77
15
17
85
13
13
17
73
19
4
159
85
77
55
17
22
15
3
146
198
73
73
4
134
204
103
73
222
139
3
101
15
27
77
83
15
77
1
4
5
183
183
144
96
203
77
15
130
116
25
113
130
77
85
15
77
97
103
95
127
3
59
109
5
119
22
21
111
1
109
83
75
180
22
13
129
105
116
37
139
139
21
159
5
77
77
15
79
119
105
144
21
25
5
147
211
19
17
25
5
15
133
44
139
77
5
85
75
15
127
19
22
140
3
1
4
123
1
173
21
3
1
1
73
35
185
89
1
91
175
175
119
15
38
44
123
77
22
105
211
179
115
15
1
1
83
200
173
75
22
13
13
77
1
15
103
73
15
3
103
85
25
139
85
77
199
13
1
73
81
106
13
119
85
81
95
1
123
77
121
1
1
1
13
5
22
1
19
15
19
77
21
4
5
1
113
123
85
77
49
25
5
59
203
204
1
199
1
197
73
97
1
13
1
15
1
85
1
27
17
73
75
75
19
184
15
5
85
5
85
77
159
81
81
19
22
63
75
5
72
73
140
37
121
1
19
13
15
163
139
13
99
147
92
105
74
1
1
1
3
19
27
83
1
13
73
1
175
1
173
180
79
33
95
83
13
85
139
129
147
116
50
187
175
113
37
75
180
81
92
32
203
121
180
109
59
203
180
13
25
101
120
163
144
5
180
15
1
73
22
3
22
17
83
231
109
109
73
115
75
75
144
95
3
121
22
83
13
85
13
1
129
180
1
15
87
133
199
151
144
95
95
3
207
96
77
1
21
13
15
134
229
74
16
83
63
125
1
79
37
3
95
73
95
22
91
15
83
5
13
77
75
22
87
183
5
17
101
121
27
13
139
17
77
113
5
1
85
22
148
5
22
231
1
129
139
1
101
130
1
15
1
77
77
97
95
127
77
75
95
49
85
19
73
75
44
139
144
203
77
38
18
107
13
159
139
27
1
49
203
15
73
81
81
81
107
159
1
13
77
105
92
129
5
224
212
198
17
165
5
160
85
22
143
221
77
10
116
1
97
44
144
131
127
143
33
49
48
79
91
13
67
131
197
79
13
15
145
15
81
15
15
109
133
3
203
1
109
129
21
99
85
109
167
200
13
1
127
19
87
15
17
200
22
121
13
15
13
179
3
13
130
107
22
5
131
129
156
127
77
155
79
15
13
143
15
15
44
3
85
140
103
1
13
131
44
211
204
187
130
77
147
17
151
21
5
79
79
25
15
116
1
21
97
49
79
116
129
198
13
1
17
79
200
127
37
31
13
97
75
13
27
1
21
44
5
200
115
27
50
83
27
55
21
13
204
74
21
1
180
17
73
15
109
1
1
37
222
75
5
17
5
1
199
4
116
85
1
25
1
13
1
85
37
13
143
13
55
17
131
139
203
21
19
139
1
15
35
199
123
140
151
44
1
107
151
147
1
81
13
83
1
27
133
15
87
95
37
37
75
199
74
199
5
105
133
1
75
95
38
77
5
15
5
22
3
15
15
103
140
21
37
73
15
10
184
200
3
161
13
140
105
107
115
105
109
106
91
77
4
37
49
13
127
116
74
75
180
129
130
3
77
1
4
147
83
87
204
17
19
77
17
5
15
73
180
19
5
15
77
19
15
1
1
1
13
204
83
199
85
139
79
15
83
44
3
15
1
82
15
82
17
159
75
204
81
95
3
19
99
13
1
44
155
127
167
27
10
75
13
59
13
95
81
13
15
73
15
105
224
180
119
129
74
180
21
156
106
3
74
3
167
101
15
27
127
15
229
22
129
19
129
144
106
44
129
130
109
133
1
35
145
15
73
47
3
3
103
161
1
1
1
75
43
77
5
5
77
15
123
1
148
200
175
73
19
15
1
1
82
1
13
73
91
101
1
175
223
17
19
22
1
143
5
79
192
1
4
1
167
13
133
167
15
140
13
167
103
95
17
73
1
83
73
4
95
92
97
87
103
125
27
183
125
1
75
113
103
131
143
3
97
1
107
13
21
17
83
91
73
130
123
1
173
27
37
1
155
21
180
120
81
129
107
77
17
133
37
13
179
113
17
85
1
13
15
101
97
75
109
15
13
101
1
119
73
115
91
101
13
1
121
15
146
83
49
103
97
17
15
229
5
43
13
15
123
211
213
15
133
17
1
167
37
5
13
107
221
81
1
173
97
29
79
87
107
33
95
27
99
22
4
1
167
1
22
43
73
103
1
95
1
123
13
1
15
1
13
1
145
167
5
5
75
85
27
111
21
140
125
1
180
