73
83
77
77
22
1
3
63
91
95
77
115
159
27
3
113
15
121
77
103
1
130
185
140
44
96
3
85
17
81
15
49
105
1
77
73
105
1
92
143
97
159
1
1
73
119
105
1
15
77
1
1
73
95
96
197
50
23
133
221
15
73
33
1
13
140
5
140
92
132
17
123
147
35
5
175
1
155
1
129
139
1
101
73
15
109
1
1
37
21
95
25
15
18
161
13
1
15
19
105
85
105
4
49
151
74
89
1
1
147
176
79
75
21
180
116
131
81
75
21
140
101
1
180
1
13
49
73
44
1
1
19
17
1
77
75
75
3
75
77
1
1
82
1
13
73
101
77
15
1
19
123
95
27
99
5
4
1
175
1
5
197
180
129
18
131
17
49
130
127
106
116
97
187
4
139
91
15
1
97
19
73
17
81
133
22
85
27
13
139
115
159
115
121
22
95
1
198
5
129
198
73
73
3
107
105
15
152
129
111
189
4
113
85
85
19
17
204
3
130
4
129
4
179
75
113
19
1
115
81
1
97
1
105
75
140
103
77
133
77
159
1
15
148
10
143
3
15
31
3
21
13
184
115
17
109
21
97
73
1
73
139
13
83
77
73
79
5
105
22
15
73
75
85
21
109
133
129
73
198
13
13
139
101
5
85
85
3
49
21
92
17
19
75
19
81
92
85
183
119
124
21
15
15
4
23
38
180
92
43
3
143
134
116
204
99
1
15
103
1
15
203
81
7
106
83
5
188
95
106
79
127
73
1
22
85
49
18
85
129
19
13
1
133
133
1
105
209
38
204
1
129
153
127
109
5
161
127
1
17
5
1
199
4
106
107
27
73
5
75
125
21
85
119
15
127
1
173
97
73
81
155
1
22
1
140
22
3
73
121
113
22
1
22
43
15
85
75
5
83
77
85
130
19
77
17
85
13
75
17
91
15
4
159
77
77
55
17
22
15
3
81
73
4
134
204
103
73
222
145
27
17
83
77
77
17
22
21
183
77
85
15
77
97
15
5
119
5
21
111
1
109
83
75
180
140
13
129
105
5
77
5
5
3
1
4
1
1
73
1
185
89
1
143
95
175
79
15
38
44
123
13
97
77
17
15
103
73
15
3
15
13
1
73
25
106
13
119
101
81
95
21
5
79
79
25
183
109
38
121
89
183
211
25
5
59
203
204
1
85
1
15
17
1
140
200
159
1
1
1
3
19
27
81
75
180
81
92
32
17
73
95
17
75
1
85
13
1
129
180
1
15
87
133
223
151
44
95
95
3
207
96
77
1
21
75
15
134
229
74
78
83
63
125
1
95
37
3
95
73
95
22
91
15
83
5
13
77
75
5
87
183
5
17
159
27
55
49
1
15
1
17
77
97
95
103
77
75
95
49
85
19
73
75
140
139
44
203
77
130
74
73
13
159
139
27
77
1
1
1
1
180
81
92
129
21
224
163
140
116
1
17
44
22
121
13
77
13
133
23
13
22
21
21
37
156
130
5
147
17
151
116
1
21
97
49
79
116
82
198
13
1
1
101
200
127
37
95
13
97
75
89
27
1
3
198
21
13
204
129
21
1
139
144
95
21
75
87
56
140
32
37
97
120
1
55
17
131
139
49
21
1
75
95
130
77
5
15
5
5
3
15
1
1
73
17
1
3
1
15
95
75
73
1
224
15
73
15
5
15
73
186
19
5
167
1
10
75
13
59
15
73
15
105
224
180
13
15
101
97
19
109
1
1
145
15
73
3
3
3
103
81
1
159
13
133
159
15
116
75
167
103
123
1
173
27
37
1
173
21
4
120
81
129
15
13
77
1
119
73
17
1
175
37
21
75
19
139
1
15
35
199
123
55
75
180
1
73
151
73
1
81
13
83
1
159
75
15
87
140
3
133
75
143
74
199
1
147
17
15
15
4
97
109
139
175
179
44
21
75
111
145
131
25
231
180
230
143
73
21
1
77
77
85
180
129
1
22
77
4
85
27
77
75
173
19
173
43
222
91
173
89
1
19
85
1
19
1
70
13
229
73
13
35
77
73
95
163
131
73
44
103
105
25
129
105
129
159
4
17
15
105
4
15
49
223
25
81
173
130
81
77
96
23
1
25
91
159
75
79
81
81
13
75
159
75
13
99
79
85
3
96
187
17
77
132
4
37
47
129
49
15
21
103
163
33
4
115
75
1
148
1
209
75
47
1
140
1
140
37
131
97
19
10
1
15
73
55
83
1
10
1
223
200
15
15
77
147
13
125
1
1
19
35
27
15
145
140
22
17
116
101
187
15
83
1
107
159
73
175
15
17
105
77
15
131
133
129
17
124
77
47
140
109
77
91
140
115
1
140
33
1
125
77
146
37
77
3
85
85
99
79
229
5
83
87
77
133
133
204
197
37
140
3
17
107
1
79
55
159
75
15
1
17
15
101
1
73
144
18
159
44
131
105
75
159
22
13
15
121
1
79
200
15
13
13
139
13
17
208
81
129
19
129
144
106
44
129
130
109
109
180
13
33
198
17
5
123
77
15
127
1
95
139
7
21
7
139
119
1
1
1
75
43
77
33
75
1
15
3
95
197
25
85
10
5
198
18
73
1
13
73
173
83
10
3
83
43
230
85
5
139
148
13
25
101
73
107
107
139
3
14
131
107
17
5
139
115
73
176
32
129
74
73
21
109
37
105
13
81
203
85
73
186
113
21
5
1
123
15
1
1
15
77
180
15
77
5
121
85
130
203
5
75
13
1
222
224
91
25
5
101
75
21
13
179
19
96
79
156
156
75
13
179
17
17
85
1
130
116
25
113
130
95
224
3
5
109
116
37
139
92
21
95
119
105
95
21
25
5
147
211
19
17
1
5
15
204
44
1
123
17
121
1
5
1
105
123
15
77
83
15
13
97
1
155
1
173
180
103
1
199
1
197
73
97
15
13
1
15
5
85
121
159
81
109
19
22
229
75
5
72
73
140
37
121
1
19
13
15
163
43
75
127
199
92
105
74
139
37
147
116
134
37
180
109
59
203
186
13
25
15
174
175
198
145
180
130
3
22
73
173
75
75
144
15
75
121
130
73
13
77
77
75
5
93
163
1
13
77
1
15
145
15
81
15
15
109
133
3
203
1
109
129
21
99
85
125
167
200
127
17
155
79
15
13
143
15
15
44
3
93
140
175
1
13
131
22
211
204
187
180
113
1
25
1
13
1
85
13
1
109
5
105
133
97
15
103
103
123
199
140
93
43
15
103
140
21
37
73
15
10
184
44
3
33
13
140
105
115
105
109
106
91
77
4
37
49
13
127
116
74
109
4
129
130
3
17
15
77
19
15
1
1
1
97
204
83
199
15
83
44
3
77
1
37
15
82
17
159
111
204
75
95
3
1
1
44
155
127
13
95
81
119
129
74
44
21
156
106
3
74
3
167
101
15
27
127
15
129
81
222
188
13
81
89
1
127
79
87
15
27
83
115
5
5
77
13
19
15
123
85
153
5
55
93
95
17
73
1
83
73
4
95
92
97
87
103
125
27
183
125
15
75
113
103
131
143
3
97
1
107
13
21
73
83
1
121
15
57
83
49
103
97
17
77
43
13
15
123
211
57
15
133
33
73
103
1
95
1
123
1
1
15
1
75
1
97
159
5
