7.013177
10.007197
15.830628
16.720910
6.271684
9.830193
6.504158
1.818106
3.639972
8.726270
12.340236
9.719034
16.898397
6.040206
7.090676
13.146392
7.537523
6.580059
11.136163
12.891262
17.187973
9.283491
9.246044
11.362231
21.827782
5.771169
11.662276
6.419803
5.837761
14.811662
5.899303
24.357643
7.381495
11.252076
10.502271
10.727295
3.901193
5.666523
12.354019
3.521958
28.388361
5.317309
6.159884
10.046117
7.385558
6.695602
9.478286
22.561805
48.365559
4.939339
27.418316
13.839259
9.560994
8.809965
9.720628
12.012972
3.648643
8.838077
6.251087
4.437637
11.170853
16.463057
7.573280
29.188268
29.211219
13.346365
6.101649
5.721931
6.448171
9.417078
20.983328
16.028748
7.067276
5.619867
6.236726
5.601519
6.608752
3.576819
6.811841
13.536714
3.553359
7.670648
4.448878
9.591344
14.592464
19.010819
14.547964
8.398257
22.820165
11.251566
5.848839
23.227586
12.660526
9.291007
6.964440
13.831012
11.828458
10.941524
15.011584
2.834169
24.133280
7.281622
6.660920
3.085009
5.941805
9.906427
9.568669
9.834825
8.292362
7.129311
5.891834
10.569506
7.714467
9.853338
6.610681
5.816956
3.066285
11.233726
4.823185
10.698212
7.722598
6.901458
8.731662
6.366629
8.787443
6.343437
13.221461
7.001906
11.182216
15.110990
7.123586
27.268843
8.256098
6.508322
9.572324
11.952007
8.587699
8.150970
5.239369
13.161877
17.481105
14.710694
15.767124
10.887358
6.527566
9.753841
19.566737
6.532900
21.890946
13.908679
7.518032
6.577361
12.475834
7.668028
6.366366
8.633199
6.697963
10.780861
4.889659
8.927901
9.835347
14.636323
7.227692
14.971048
8.861098
8.350240
7.987461
6.019469
3.834347
5.425278
9.117338
7.862561
6.224043
18.510351
8.889557
15.614117
9.972984
6.994601
5.916580
12.252147
13.628209
8.968315
16.535146
9.878613
13.444009
7.726651
5.524710
16.673104
11.531692
6.546807
11.524766
10.478911
9.179677
5.319600
4.714526
4.210386
8.639342
7.251253
7.705472
8.949579
38.547312
10.092419
10.957579
22.817842
14.215812
7.008528
8.931811
1.644146
21.325319
10.993805
9.956261
7.450248
5.553289
11.063336
7.513193
5.324201
8.895011
10.717492
8.834862
8.229358
7.287640
5.600023
11.361911
4.052522
6.496494
9.599445
21.377105
6.255516
2.715516
6.845763
11.210208
10.538042
10.352608
10.548456
12.996854
7.529874
5.773999
10.534049
5.020885
14.442904
5.611805
9.094821
7.405145
8.964854
5.249196
15.142495
22.584889
17.606264
6.927153
11.133333
29.067081
6.923071
5.030501
11.043951
8.563540
17.368843
12.921472
4.222338
2.065367
14.278171
11.686279
10.050658
21.440081
4.346072
3.181352
6.973686
12.140550
6.368061
3.320956
10.011779
4.365542
7.979473
5.919027
11.016192
6.820296
4.010385
6.238198
7.573507
5.731579
9.142026
9.652279
4.769047
18.026813
6.228760
19.004360
13.148868
5.495009
7.542409
10.868525
10.126918
8.555166
5.915102
19.024885
15.201479
8.822390
4.557371
8.316900
6.135214
10.092123
2.392567
6.776070
23.442912
13.198839
8.083585
2.327105
10.098144
8.950070
8.404308
10.675189
9.700528
6.329971
2.535244
8.226504
7.682878
32.762781
7.214399
24.143689
18.046510
7.793150
7.310022
13.576984
4.198643
14.274405
7.625871
10.340571
4.636664
12.388052
2.794072
12.967524
13.860968
8.066603
7.176339
10.137262
6.153281
10.005515
11.139302
11.497336
14.897828
15.342641
10.313298
11.378597
8.946253
12.707282
12.050721
2.251405
7.858883
3.676522
3.469296
9.614229
4.785039
16.273857
5.035057
1.850258
9.615157
5.723326
9.321746
7.879174
10.186149
13.530953
9.488305
7.470501
6.656854
18.437518
8.028458
7.195559
10.739800
18.394660
13.881720
6.446507
13.589630
1.930735
6.408619
17.952200
13.970967
17.989894
7.729296
6.841646
12.773479
9.377361
5.245140
13.685245
3.876143
12.691322
8.437111
6.020027
8.396980
11.490736
6.254573
5.249040
7.591922
7.210320
16.798360
6.830794
9.382328
6.694322
11.666149
4.667017
11.138481
29.559404
25.032353
10.344237
10.177711
7.721132
7.764129
10.920005
13.721019
6.766201
11.005754
7.948774
29.935901
5.241332
7.304261
8.352477
4.734234
11.346258
19.126801
22.318176
9.198805
14.397934
6.895648
11.237193
8.579270
10.526803
9.072483
5.542345
8.435508
7.087513
14.967507
12.135764
13.755486
9.345437
12.424411
10.679118
18.746554
11.227021
6.093813
11.602110
5.590360
8.083857
12.627091
6.859260
10.876078
7.766245
7.683625
7.680856
14.486744
8.552722
7.679441
17.300581
8.884992
10.954257
8.875780
10.587463
5.799824
14.438791
11.708225
8.478003
9.011072
6.427828
7.881170
8.359858
5.991862
8.037657
8.249228
6.672717
6.539987
11.964694
10.237025
9.488667
6.096223
29.999165
15.871336
4.453895
4.304440
8.553297
9.375140
6.803802
12.264131
7.620345
14.613252
8.267051
34.192398
8.548361
14.574156
6.475244
9.714292
7.138232
17.807096
10.326083
6.481436
5.144424
12.774394
5.646653
5.365189
11.509807
8.248050
7.638576
4.241429
7.670093
3.751479
7.637118
15.863756
21.180838
5.851501
6.740384
10.596071
4.862777
7.094030
6.755479
2.026546
8.141122
4.867337
11.085595
11.606623
39.612215
5.883694
1.911219
17.904622
5.475262
2.882176
15.815540
7.937099
7.961552
8.007349
9.138889
4.510546
3.637119
12.670294
22.761676
10.886926
11.072015
17.927003
7.556811
9.760534
8.643221
8.291899
7.543584
7.361263
11.307031
5.854288
6.561558
7.195905
3.848693
11.701920
8.624720
6.468652
7.341643
0.000000
6.424999
7.646992
10.851231
7.736462
9.161670
11.662352
9.173170
7.527127
7.601598
4.545476
10.941113
14.439317
7.254104
8.372450
4.519586
17.615004
12.952752
13.582742
10.280264
6.778034
14.357276
9.958054
11.072664
8.423020
3.296365
5.678603
9.819099
6.827969
10.535907
8.595073
18.597572
9.411687
11.417294
25.504533
5.839758
24.703587
9.520848
8.296842
31.115208
7.914887
18.052011
14.313956
17.481811
11.167938
19.053127
12.617344
6.874079
13.454887
9.889929
7.026672
4.610934
23.643729
22.714252
14.004360
6.811013
11.495472
41.451931
3.747550
4.785126
17.081342
8.590527
13.129394
24.595826
6.452174
6.207746
4.266701
10.837429
8.791059
8.056962
4.307364
6.966927
10.827227
7.464120
9.017776
16.002986
3.734590
17.803744
9.974076
18.916907
15.769257
7.985168
6.499449
11.142960
6.153636
2.586517
7.250045
4.537425
10.188102
6.319054
3.220184
2.979172
12.076661
7.293748
13.605459
12.898909
25.779534
18.641031
16.229009
12.176249
32.883521
3.136298
10.064440
8.169286
9.620438
7.340771
9.276032
11.760427
4.447299
14.537201
7.747547
13.221131
7.476056
7.477604
24.343230
8.407564
12.034945
1.091279
12.472104
5.100162
4.202518
6.945846
9.695354
7.519156
6.427402
6.505709
6.362610
12.398054
13.449625
7.923296
4.001416
18.203812
9.789266
19.726130
13.724293
2.947690
0.000000
6.476549
6.308044
14.426152
10.929677
6.748759
7.021287
21.197621
12.952631
8.792733
2.823660
3.272354
12.793667
36.447858
10.688460
18.954088
6.965548
7.684739
6.596736
16.106802
14.966348
6.968595
7.154985
22.982631
10.777524
13.720726
8.049526
17.505813
7.460714
10.538161
4.242613
9.523755
4.855783
11.097132
6.637126
6.908464
7.115490
9.138243
7.569828
18.067445
8.931538
10.659261
6.189365
6.815691
8.071480
8.947929
14.945286
5.151778
6.788506
16.371273
7.660360
5.862434
9.341294
17.279062
19.178125
17.562035
11.329195
1.703595
5.119736
24.770672
9.346257
6.322236
6.107904
3.826144
9.415785
10.521889
6.309706
9.274800
30.881255
6.991658
19.989971
4.634423
3.259415
6.094570
11.946699
11.220175
6.555092
8.549736
9.914152
10.213072
7.352509
5.732972
8.985675
12.127996
9.526430
9.233669
12.572934
7.797837
7.487965
9.077917
12.131133
23.550598
5.568669
11.488392
8.265753
6.342177
8.126759
9.666570
5.354622
16.735714
6.427498
7.812580
8.574722
11.405628
3.943873
4.146450
20.884485
6.534847
5.032811
11.725425
41.287902
6.577778
8.061541
11.267874
7.604618
9.902460
6.679374
9.909861
14.256798
5.945554
8.934585
12.861916
10.201524
7.678744
11.564633
8.443566
8.507640
3.466354
11.055872
7.053821
8.644187
8.077311
12.985218
13.438700
5.947859
4.371300
4.123086
7.315820
10.084150
34.668365
6.734320
9.421908
6.400434
6.658776
8.371374
9.185824
2.282025
6.443732
9.039762
8.690864
6.341420
5.757374
17.739116
10.097062
6.144089
9.520777
11.402332
13.646802
8.224274
14.327567
5.484328
12.185914
17.050622
10.404472
11.673373
6.571803
8.064757
17.455598
8.664043
9.981566
5.405295
6.185921
7.089876
5.562201
8.243605
17.282063
10.249406
21.448073
8.533777
9.459265
6.190272
4.683391
5.442133
8.342593
13.611099
5.686981
5.732792
16.118923
5.968443
8.290020
19.152578
8.294198
9.680988
1.639524
6.235687
5.697931
6.987089
26.744415
5.683718
7.635661
8.484764
2.561747
0.000000
5.992804
7.822322
2.603412
8.516477
3.297947
12.861815
11.543131
8.141025
9.347758
4.585919
11.705118
5.724661
10.797689
15.956303
25.494510
15.541528
3.609893
10.530851
8.681660
4.684949
14.720803
4.746716
8.435591
13.654190
12.222708
29.206891
20.525627
36.938500
5.641667
7.925539
7.620485
8.724239
4.399963
13.830702
9.375902
12.033538
8.435481
11.469909
7.327497
7.262215
8.510835
5.181773
7.159512
5.515844
15.051989
2.806779
7.323516
12.127070
7.270621
4.881294
8.699843
12.456506
9.200034
31.132819
7.587259
7.432031
1.961156
11.266919
10.823920
8.547855
9.065231
11.259506
6.398368
9.647068
3.934880
4.797381
30.863181
2.313883
5.514803
6.724965
9.014768
7.968250
12.259739
8.210588
4.658982
6.075195
1.398787
14.116310
9.095684
7.634377
4.695049
10.864524
20.293252
3.173362
9.340123
5.892092
13.791939
7.957757
9.646300
10.810337
6.630882
6.842299
3.529713
14.265671
3.357524
5.712755
6.617692
6.321188
14.924402
15.451238
10.293036
11.016016
8.177551
6.917562
13.635957
8.480424
8.436267
7.278604
7.307219
7.965991
8.115475
4.696150
8.097035
12.974670
11.344091
7.333882
5.929463
11.092438
3.365935
9.814678
9.869691
9.662110
12.574204
5.425875
12.941308
7.355174
9.188804
14.192961
13.218339
7.838180
12.407504
10.701371
8.329331
10.995251
16.011746
8.860501
6.688430
6.390651
6.810052
2.708909
13.650871
13.419947
8.775938
7.600858
6.733433
8.457665
6.942542
13.869520
15.425872
14.499517
11.102194
8.614023
7.679242
6.269685
4.634218
5.164075
1.710237
19.976740
7.146049
5.993834
5.876605
8.552755
20.818814
6.435951
5.889608
10.437158
9.136014
12.266653
8.806872
25.720143
6.850456
6.019467
12.339362
3.472834
4.227567
6.656728
9.048042
13.020618
16.252058
7.647714
7.903027
5.014068
3.600758
10.756814
7.441993
6.857193
8.336011
10.126339
16.371992
5.564411
6.590233
9.969843
5.962322
10.747789
8.746874
6.496663
6.048670
31.576765
6.388775
7.891351
16.955411
7.875199
9.414814
9.022340
9.482826
4.165393
14.651629
10.447306
7.019118
2.864046
12.516406
11.399190
7.523966
9.866537
11.283197
7.607364
11.502301
12.047449
21.120741
11.538258
18.139663
12.520030
3.664056
6.126671
10.861146
33.236434
6.618619
4.777460
6.416267
26.103051
7.635125
6.258510
5.661316
6.129838
16.651033
14.618023
24.491749
6.658027
7.603604
8.124126
20.685487
7.874928
18.900752
16.734302
8.871001
5.677026
1.865019
7.390809
6.901401
8.556811
13.067035
8.270441
14.263303
5.878438
18.413821
1.286617
10.598204
5.482390
3.308906
6.220714
5.561842
7.247477
10.001489
7.767117
5.189171
9.443052
5.456145
9.838581
7.891555
11.656238
8.352315
26.109771
17.844175
9.775729
11.461014
7.216409
18.913851
3.973047
14.659645
8.679226
21.701766
7.800389
10.205200
5.171929
6.808204
8.184299
8.206658
12.584890
12.484837
25.409292
17.276990
11.463011
12.688329
8.135710
6.011838
5.207153
18.979357
5.506656
14.674236
6.261055
9.512199
7.212091
9.536181
15.083979
6.638956
6.374825
32.145056
11.217790
5.093943
15.219465
4.814404
10.203506
3.755501
8.697377
10.998739
11.518461
8.962453
11.618537
31.420948
8.874049
6.390335
15.099871
19.442475
10.221041
7.526547
12.857451
14.664397
11.280663
15.209257
8.050275
6.313346
8.746808
4.844011
11.512506
7.570726
4.716137
10.878887
9.938276
7.144218
12.144431
10.487254
11.911953
21.841948
11.829463
11.719934
14.662923
11.208527
6.387829
4.327649
14.629481
4.265737
8.073657
14.552644
6.814598
7.315173
7.439197
6.196735
5.700088
3.553884
10.026277
7.265139
9.264253
13.980019
7.400216
10.209731
5.789199
6.414677
12.189157
6.092207
15.835980
8.086929
5.196504
5.828884
11.059853
22.638165
7.808725
6.507841
13.172867
7.958324
46.597256
6.654120
16.181628
8.757071
12.161644
5.709371
6.918657
22.659712
9.404349
6.411945
8.800781
14.400770
2.411813
5.617044
6.449338
15.320245
8.938398
12.294782
9.786061
5.307408
17.089982
6.167596
11.436279
6.944619
19.852160
11.838127
33.114084
6.950297
12.300737
6.563379
7.511829
11.085183
7.926775
3.592721
7.690274
7.605429
5.905666
6.537661
11.909487
2.985804
14.653692
7.454928
34.792058
10.354159
14.027888
8.944424
6.127299
11.320593
3.065469
8.267705
9.541589
14.029808
6.744251
3.591519
6.992740
2.807774
9.220048
7.465517
3.668290
7.034823
5.048825
6.956989
4.251709
7.890135
3.473551
6.733175
6.018443
10.531989
2.194331
11.152297
7.860550
4.551532
6.986049
8.317244
12.978290
18.414669
5.867223
8.745141
8.314458
17.103805
6.678682
8.420334
2.808484
10.672136
6.811404
13.118016
32.087942
8.607359
8.612931
21.450679
6.277601
2.944913
9.532385
6.404674
41.101949
5.870167
14.242747
7.169304
13.292777
15.940485
6.279154
10.494559
7.703927
5.359921
9.885436
13.998876
7.893470
7.010021
7.678612
7.453656
8.135088
7.237302
2.307523
9.888743
4.995867
7.413873
17.903736
4.648974
10.168780
8.605195
9.648849
21.413643
26.218354
21.212195
8.802400
7.259120
7.516095
10.089496
6.509986
7.306090
9.032084
5.584425
6.622119
7.281608
5.166907
12.383189
11.648868
5.603937
28.727690
3.918220
11.045673
10.504911
9.460812
5.971496
12.884128
6.521599
10.709194
7.267559
6.149215
16.740033
23.516324
10.184560
14.060332
7.242930
4.510781
2.599883
6.953538
9.003213
5.955548
8.348988
10.927641
1.538341
8.879533
6.639034
14.672600
14.192862
2.198523
5.914454
8.787982
4.718170
2.840072
14.903931
7.506912
2.244717
7.255192
9.885953
4.590706
8.783693
4.726594
5.717278
6.944191
7.033801
9.445274
7.943598
2.155590
9.781282
7.624206
8.772656
3.625974
43.605913
14.054064
14.312442
7.151644
10.567226
13.403526
16.638745
12.130277
13.748946
24.088706
21.753787
9.863933
12.728292
4.399373
19.104884
2.234370
7.102992
17.952979
8.481147
14.475889
2.169278
6.877401
8.648805
7.374012
9.117305
6.221290
3.146692
19.723604
8.843569
3.215700
6.469981
5.851430
10.020512
3.931012
4.926110
9.966031
12.430330
7.271951
15.638753
6.455528
16.604171
6.381470
7.749769
10.435908
10.552075
6.570277
22.563813
4.640000
6.450518
7.999368
19.990668
9.024025
8.218096
6.264756
27.162546
5.936026
20.699394
8.207760
2.171805
30.955940
13.341711
10.053027
12.918485
7.829131
7.820797
7.694919
9.442784
9.362783
6.701933
8.396579
26.605293
15.831880
9.066112
9.185789
6.737071
4.255228
4.570079
13.798781
12.709983
34.029261
11.463197
23.328166
6.288787
9.388158
10.598440
6.430683
7.724642
8.585435
8.856661
12.687580
9.580645
5.095525
8.679043
15.073220
7.652195
5.931546
7.341005
12.315937
7.175908
66.589820
9.685742
10.360589
9.474194
20.475389
6.393738
5.224645
5.831218
3.799317
13.388667
2.858259
13.111679
12.917206
7.161251
19.541976
14.644145
12.823934
14.338736
6.426981
7.080300
2.271187
25.502594
13.594233
7.337396
16.424398
11.033762
13.266945
12.275285
7.737591
14.565437
4.942368
8.796598
12.592479
8.181354
12.591637
6.186296
10.632944
10.231126
6.885975
9.537519
5.943717
8.886290
8.890994
6.444246
7.106922
9.660807
9.673488
